function x = e
x = 1.60217662 * 10^-19;
end