function h = hbar
h = 1.0545718 * 10^-34;
end