function x = m0
x = 9.10938356 * 10^-31;
end
